115967095
115967096
115967097
115967098
115967099
115967100
115967101
115967103
115967104
115967105
115967106
115967107
115967108
115967109
115967110
115967111
115967112
115967113
115967114
115967115
115967117
115967118
115967119
115967120
115967121
115967122
115967123
115967124
115967125
115967127
115967128
115967129
115967130
115967131
115967133
115967134
115967135
115967137
115967138
115967139
115967140
115967141
115967142
115967143
115967145
115967146
115967147
115967148
115967149
115967150
115967151
115967152
115967153
115967154
115967155
115967156
115967158
115967160
115967161
115967162
115967163
115967164
115967165
115967166
115967167
115967168
115967169
115967170
115967171
115967172
115967174
115967175
115967176
115967177
115967178
115967179
115967180
115967181
115967182
115967183
115967184
115967185
115967186
115967187
115967188
115967189
115967190
115967191
115967192
115967193
115967195
115967196
115967197
115967198
115967199
115967200
115967201
115967202
115967203
115967204
115967205
115967206
115967207
115967209
115967211
115967212
115967213
115967214
115967216
115967217
115967219
115967220
115967221
115967222
115967223
115967224
115967225
115967226
115967227
115967228
115967229
115967230
115967231
115967233
115967234
115967235
115967236
115967237
115967238
115967239
115967240
115967241
115967242
115967243
115967244
115967245
115967246
115967247
115967248
115967249
115967250
115967251
115967252
115967253
115967255
115967256
115967257
115967258
115967259
115967260
115967261
115967262
115967263
115967264
115967265
115967267
115967268
115967269
115967270
115967271
115967273
115967274
115967275
115967276
115967277
115967278
115967279
115967280
115967281
115967282
115967283
115967284
115967285
115967286
115967287
115967288
115967289
115967290
115967291
115967292
115967293
115967294
115967295
115967296
115967297
115967298
115967299
115967300
115967301
115967302
115967303
115967304
115967305
115967306
115967307
115967308
115967309
115967310
115967311
115967312
115967313
115967314
115967315
115967316
115967317
115967318
115967319
115967320
115967321
115967322
115967323
115967325
115967326
115967327
115967328
115967329
115967330
115967331
115967332
115967333
115967334
115967335
115967336
115967337
115967338
115967339
115967340
115967341
115967342
115967343
115967344
115967345
115967346
115967347
115967348
115967349
115967350
115967351
115967352
115967353
115967354
115967355
115967356
115967357
115967358
115967359
115967360
115967361
115967362
115967363
115967364
115967365
115967368
115967369
115967370
115967372
115967373
115967374
115967375
115967376
115967377
115967378
115967379
115967380
115967381
115967382
115967383
115967384
115967385
115967386
115967387
115967388
115967389
115967390
115967391
115967392
115967393
115967394
115967395
115967396
115967397
115967398
115967400
115967401
115967402
115967404
115967405
115967406
115967407
115967408
115967409
115967410
115967411
115967412
115967413
115967414
115967416
115967417
115967418
115967419
115967420
115967421
115967422
115967423
115967424
115967425
115967426
115967427
115967428
115967429
115967430
115967431
115967432
115967433
115967434
115967435
115967436
115967437
115967438
115967439
115967440
115967441
115967443
115967444
115967445
115967446
115967447
115967448
115967449
115967450
115967451
115967452
115967453
115967454
115967455
115967456
115967457
115967458
115967459
115967460
115967461
115967462
115967463
115967465
115967466
115967467
115967468
115967469
115967470
115967471
115967472
115967473
115967474
115967475
115967476
115967477
115967478
115967479
115967480
115967481
115967483
115967484
115967485
115967486
115967487
115967489
115967490
115967491
115967492
115967493
115967494
115967495
115967496
115967497
115967498
115967499
115967500
115967501
115967502
115967503
115967504
115967505
115967506
115967509
115967510
115967511
115967512
115967513
115967514
115967515
115967516
115967517
115967518
115967519
115967520
115967522
115967523
115967524
115967525
115967526
115967527
115967528
115967529
115967530
115967531
115967533
115967534
115967535
115967536
115967539
115967540
115967541
115967542
115967543
115967544
115967545
115967546
115967547
115967548
115967549
115967550
115967551
115967552
115967553
115967554
115967555
115967556
115967557
115967558
115967559
115967560
115967561
115967562
115967563
115967565
115967566
115967567
115967568
115967569
115967570
115967571
115967573
115967574
115967575
115967576
115967577
115967578
115967579
115967581
115967582
115967584
115967585
115967586
115967587
115967588
115967589
115967590
115967591
115967592
115967593
115967595
115967596
115967597
115967598
115967599
115967600
115967601
115967602
115967604
115967605
115967607
115967609
115967611
115967612
115967613
115967614
115967615
115967617
115967618
115967619
115967620
115967621
115967622
115967624
115967625
115967628
115967629
115967630
115967631
115967632
115967633
115967634
115967635
115967636
115967637
115967640
115967641
115967642
115967643
115967644
115967645
115967647
115967648
115967649
115967650
115967651
115967652
115967653
115967654
115967658
115967659
115967660
115967661
115967662
115967663
115967664
115967665
115967666
115967667
115967668
115967669
115967670
115967671
115967672
115967673
115967674
115967675
115967676
115967677
115967679
115967680
115967681
115967682
115967685
115967686
115967687
115967689
115967690
115967691
115967693
115967694
115967695
115967696
115967697
115967698
115967699
115967700
115967701
115967702
115967703
115967704
115967705
115967706
115967707
115967708
115967709
115967710
115967711
115967712
115967713
115967714
115967715
115967716
115967717
115967718
115967719
115967720
115967721
115967722
115967723
115967724
115967725
115967726
115967727
115967728
115967730
115967731
115967732
115967735
115967736
115967737
115967738
115967739
115967740
115967741
115967742
115967743
115967744
115967745
115967746
115967747
115967748
115967749
115967750
115967751
115967752
115967754
115967755
115967756
115967757
115967758
115967759
115967760
115967761
115967762
115967763
115967764
115967765
115967766
115967767
115967768
115967769
115967770
115967771
115967772
115967773
115967774
115967775
115967776
115967777
115967778
115967779
115967780
115967781
115967782
115967783
115967785
115967786
115967787
115967789
115967791
115967792
115967793
115967794
115967795
115967796
115967797
115967798
115967799
115967800
115967801
115967803
115967804
115967805
115967807
115967808
115967809
115967810
115967811
115967812
115967813
115967815
115967817
115967818
115967819
115967820
115967821
115967823
115967824
115967825
115967826
115967827
115967828
115967829
115967831
115967832
115967833
115967834
115967835
115967836
115967837
115967838
115967839
115967840
115967841
115967842
115967843
115967844
115967845
115967846
115967847
115967848
115967849
115967850
115967851
115967852
115967853
115967854
115967855
115967856
115967857
115967858
115967859
115967860
115967861
115967862
115967863
115967864
115967866
115967867
115967868
115967869
115967870
115967871
115967872
115967873
115967874
115967875
115967877
115967878
115967879
115967880
115967881
115967883
115967884
115967885
115967886
115967887
115967889
115967890
115967891
115967893
115967894
115967896
115967897
115967898
115967899
115967900
115967902
115967903
115967904
115967905
115967906
115967907
115967908
115967909
115967910
115967911
115967912
115967914
115967915
115967916
115967917
115967918
115967919
115967920
115967921
115967922
115967923
115967924
115967925
115967926
115967927
115967928
115967929
115967930
115967931
115967932
115967933
115967934
115967935
115967936
115967937
115967938
115967939
115967941
115967942
115967943
115967944
115967945
115967946
115967947
115967949
115967950
115967951
115967952
115967953
115967954
115967955
115967956
115967957
115967958
115967959
115967960
115967961
115967962
115967963
115967964
115967965
115967966
115967967
115967968
115967969
115967970
115967971
115967972
115967973
115967974
115967976
115967977
115967978
115967979
115967980
115967981
115967982
115967983
115967984
115967985
115967986
115967987
115967988
115967989
115967990
115967993
115967994
115967995
115967996
115967998
115967999
115968000
115968001
115968002
115968003
115968004
115968005
115968006
115968007
115968008
115968009
115968010
115968012
115968013
115968014
115968015
115968019
115968021
115968022
115968023
115968024
115968026
115968027
115968028
115968029
115968031
115968032
115968033
115968034
115968035
115968036
115968037
115968038
115968039
115968040
115968042
115968043
115968044
115968045
115968046
115968047
115968048
115968049
115968050
115968052
115968053
115968054
115968055
115968056
115968057
115968058
115968059
115968060
115968061
115968062
115968063
115968064
115968065
115968067
115968068
115968069
115968071
115968072
115968073
115968074
115968075
115968076
115968077
115968078
115968079
115968080
115968081
115968082
115968083
115968084
115968085
115968086
115968087
115968088
115968089
115968090
115968091
115968092
115968094
115968095
115968096
115968097
115968098
115968099
115968100
115968101
115968102
115968105
115968106
115968107
115968108
115968109
115968111
115968112
115968113
115968114
115968115
115968116
115968117
115968118
115968119
115968120
115968121
115968122
115968123
115968124
115968126
115968127
115968128
115968129
115968130
115968131
115968132
115968133
115968134
115968135
115968136
115968137
115968138
115968139
115968140
115968141
115968142
115968143
115968144
115968145
115968146
115968147
115968148
115968149
115968150
115968152
115968153
115968154
115968155
115968156
115968157
115968158
115968159
115968160
115968161
115968162
115968163
115968164
115968166
115968167
115968168
115968169
115968170
115968172
115968173
115968174
115968176
115968177
115968178
115968179
115968180
115968181
115968182
115968183
115968184
115968185
115968186
115968187
115968188
115968189
115968190
115968191
115968192
115968193
115968194
115968195
115968196
115968197
115968198
115968199
115968200
115968201
115968202
115968203
115968204
115968206
115968207
115968208
115968209
115968210
115968212
115968213
115968214
115968215
115968217
115968218
115968219
115968220
115968223
115968224
115968225
115968226
115968227
115968228
115968230
115968232
115968233
115968234
115968235
115968236
115968237
115968238
115968239
115968240
115968241
115968242
115968243
115968244
115968245
115968246
115968247
115968248
115968249
115968250
115968251
115968252
115968253
115968254
115968255
115968256
115968257
115968258
115968259
115968260
115968261
115968262
115968263
115968264
115968265
115968266
115968267
115968268
115968269
115968271
115968272
115968273
115968275
115968276
115968278
115968279
115968280
115968281
115968282
115968283
115968284
115968285
115968286
115968287
115968289
115968290
115968291
115968293
115968294
115968295
115968296
115968297
115968298
115968299
115968300
115968301
115968302
115968303
115968304
115968305
115968306
115968307
115968308
115968309
115968310
115968311
115968312
115968313
115968314
115968315
115968317
115968318
115968319
115968320
115968321
115968322
115968323
115968324
115968325
115968326
115968327
115968328
115968329
115968330
115968331
115968332
115968333
115968335
115968336
115968337
115968338
115968339
115968341
115968342
115968343
115968344
115968346
115968347
115968348
115968349
115968350
115968351
115968352
115968353
115968355
115968356
115968357
115968358
115968359
115968360
115968362
115968363
115968364
115968365
115968367
115968368
115968369
115968371
115968372
115968373
115968374
115968375
115968376
115968377
115968378
115968380
115968381
115968382
115968383
115968384
115968386
115968387
115968388
115968389
115968390
115968391
115968392
115968393
115968395
115968396
115968398
115968399
115968400
115968402
115968403
115968404
115968405
115968406
115968408
115968409
115968411
115968412
115968413
115968414
115968415
115968416
115968417
115968418
115968419
115968420
115968421
115968423
115968424
115968425
115968426
115968427
115968428
115968429
115968430
115968431
115968432
115968433
115968434
115968436
115968437
115968438
115968439
115968440
115968441
115968442
115968443
115968444
115968445
115968446
115968447
115968448
115968449
115968450
115968451
115968452
115968453
115968454
115968455
115968456
115968457
115968458
115968459
115968460
115968461
115968462
115968463
115968464
115968465
115968466
115968467
115968468
115968469
115968470
115968471
115968472
115968473
115968474
115968475
115968476
115968477
115968478
115968481
115968482
115968483
115968484
115968485
115968486
115968487
115968488
115968490
115968491
115968492
115968493
115968494
115968495
115968496
115968497
115968499
115968500
115968501
115968502
115968503
115968504
115968505
115968506
115968507
115968508
115968509
115968510
115968511
115968512
115968513
115968514
115968515
115968516
115968518
115968519
115968520
115968522
115968523
115968525
115968527
115968528
115968529
115968530
115968531
115968532
115968533
115968534
115968535
115968536
115968537
115968538
115968539
115968540
115968542
115968543
115968544
115968545
115968546
115968547
115968548
115968549
115968550
115968551
115968552
115968553
115968554
115968555
115968556
115968558
115968559
115968560
115968561
115968562
115968563
115968564
115968565
115968566
115968567
115968568
115968569
115968570
115968571
115968572
115968573
115968574
115968575
115968577
115968578
115968579
115968580
115968581
115968582
115968584
115968585
115968586
115968587
115968588
115968589
115968590
115968591
115968592
115968593
115968594
115968595
115968596
115968597
115968598
115968599
115968600
115968601
115968602
115968604
115968605
115968607
115968608
115968609
115968610
115968611
115968612
115968613
115968614
115968615
115968616
115968617
115968618
115968619
115968620
115968621
115968622
115968623
115968624
115968625
115968626
115968627
115968628
115968629
115968631
115968632
115968633
115968634
115968635
115968636
115968637
115968638
115968639
115968640
115968641
115968643
115968644
115968645
115968646
115968648
115968649
115968650
115968651
115968652
115968653
115968654
115968655
115968656
115968657
115968659
115968660
115968661
115968662
115968663
115968664
115968665
115968667
115968668
115968669
115968670
115968671
115968672
115968673
115968675
115968676
115968677
115968678
115968679
115968680
115968681
115968682
115968683
115968684
115968685
115968686
115968687
115968688
115968689
115968690
115968691
115968692
115968693
115968694
115968695
115968696
115968697
115968698
115968699
115968700
115968701
115968702
115968703
115968704
115968705
115968706
115968707
115968709
115968710
115968711
115968712
115968713
115968714
115968716
115968717
115968719
115968720
115968721
115968722
115968723
115968724
115968726
115968728
115968729
115968730
115968731
115968732
115968733
115968734
115968735
115968736
115968738
115968739
115968740
115968741
115968742
115968743
115968744
115968745
115968746
115968747
115968748
115968749
115968750
115968751
115968752
115968753
115968754
115968755
115968757
115968758
115968759
115968760
115968761
115968762
115968766
115968767
115968768
115968769
115968770
115968771
115968772
115968773
115968774
115968775
115968776
115968777
115968778
115968779
115968780
115968781
115968782
115968783
115968784
115968786
115968787
115968788
115968789
115968790
115968791
115968792
115968793
115968794
115968795
115968796
115968797
115968798
115968799
115968800
115968801
115968802
115968803
115968804
115968805
115968806
115968807
115968809
115968810
115968811
115968812
115968813
115968814
115968816
115968817
115968818
115968819
115968820
115968821
115968822
115968823
115968824
115968825
115968826
115968827
115968828
115968829
115968830
115968833
115968834
115968835
115968837
115968838
115968839
115968840
115968842
115968843
115968844
115968845
115968846
115968847
115968848
115968849
115968850
115968851
115968852
115968853
115968854
115968855
115968856
115968857
115968858
115968859
115968860
115968861
115968862
115968863
115968864
115968865
115968866
115968867
115968868
115968869
115968870
115968871
115968872
115968873
115968874
115968875
115968876
115968877
115968878
115968879
115968880
115968881
115968882
115968883
115968884
115968885
115968886
115968888
115968889
115968890
115968891
115968892
115968893
115968894
115968895
115968896
115968897
115968898
115968899
115968901
115968902
115968904
115968906
115968907
115968908
115968909
115968910
115968911
115968912
115968913
115968914
115968915
115968916
115968917
115968918
115968919
115968920
115968921
115968922
115968923
115968924
115968925
115968926
115968927
115968928
115968929
115968930
115968931
115968932
115968933
115968934
115968935
115968936
115968937
115968938
115968939
115968940
115968941
115968942
115968943
115968944
115968945
115968946
115968947
115968948
115968949
115968950
115968951
115968952
115968953
115968954
115968955
115968956
115968959
115968960
115968961
115968962
115968963
115968964
115968965
115968966
115968967
115968968
115968969
115968971
115968972
115968974
115968975
115968976
115968977
115968978
115968980
115968981
115968982
115968983
115968985
115968986
115968987
115968989
115968990
115968991
115968992
115968993
115968994
115968995
115968996
115968997
115968999
115969000
115969001
115969002
115969003
115969005
115969006
115969007
115969008
115969009
115969010
115969011
115969012
115969013
115969014
115969015
115969016
115969017
115969018
115969019
115969020
115969021
115969022
115969023
115969024
115969025
115969026
115969027
115969028
115969029
115969030
115969031
115969032
115969033
115969034
115969035
115969036
115969038
115969039
115969040
115969041
115969042
115969043
115969044
115969045
115969046
115969047
115969049
115969050
115969051
115969052
115969053
115969054
115969055
115969056
115969057
115969058
115969059
115969060
115969061
115969062
115969063
115969064
115969065
115969066
115969067
115969068
115969069
115969070
115969071
115969072
115969073
115969074
115969075
115969076
115969077
115969078
115969079
115969080
115969081
115969082
115969083
115969084
115969085
115969086
115969087
115969088
115969089
115969090
115969091
115969092
115969093
115969094
115969096
115969097
115969099
115969100
115969101
115969102
115969103
115969104
115969108
115969109
115969110
115969111
115969112
115969113
115969114
115969115
115969116
115969118
115969119
115969120
115969121
115969122
115969123
115969124
115969125
115969126
115969127
115969128
115969129
115969130
115969131
115969132
115969133
115969134
115969135
115969136
115969137
115969138
115969139
115969140
115969141
115969144
115969145
115969146
115969147
115969148
115969149
115969150
115969151
115969152
115969153
115969154
115969155
115969156
115969157
115969158
115969159
115969160
115969161
115969162
115969163
115969164
115969165
115969166
115969167
115969168
115969169
115969170
115969171
115969172
115969176
115969177
115969179
115969180
115969181
115969183
115969184
115969185
115969186
115969187
115969188
115969189
115969190
115969191
115969192
115969193
115969194
115969195
115969196
115969197
115969198
115969199
115969202
115969203
115969204
115969205
115969206
115969207
115969208
115969209
115969210
115969211
115969214
115969216
115969218
115969219
115969220
115969221
115969222
115969223
115969224
115969225
115969226
115969227
115969229
115969231
115969232
115969233
115969234
115969235
115969236
115969239
115969240
115969241
115969243
115969244
115969245
115969246
115969247
115969248
115969249
115969250
115969251
115969252
115969253
115969254
115969255
115969256
115969257
115969260
115969261
115969262
115969263
115969264
115969266
115969267
115969268
115969269
115969270
115969271
115969272
115969273
115969274
115969275
115969276
115969278
115969279
115969280
115969281
115969282
115969284
115969285
115969287
115969288
115969289
115969290
115969291
115969292
115969293
115969294
115969295
115969297
115969298
115969299
115969300
115969301
115969302
115969303
115969304
115969307
115969308
115969309
115969310
115969311
115969312
115969313
115969314
115969315
115969317
115969318
115969319
115969320
115969321
115969323
115969325
115969326
115969327
115969328
115969329
115969330
115969331
115969332
115969333
115969334
115969335
115969336
115969337
115969338
115969339
115969340
115969341
115969342
115969343
115969344
115969346
115969347
115969348
115969349
115969350
115969351
115969352
115969354
115969356
115969357
115969358
115969359
115969360
115969361
115969362
115969363
115969364
115969365
115969366
115969367
115969368
115969369
115969370
115969371
115969372
115969373
115969374
115969375
115969376
115969377
115969378
115969379
115969380
115969381
115969382
115969383
115969384
115969385
115969386
115969387
115969388
115969389
115969390
115969392
115969393
115969394
115969395
115969396
115969397
115969398
115969399
115969400
115969401
115969402
115969403
115969404
115969405
115969406
115969407
115969408
115969409
115969411
115969413
115969414
115969415
115969416
115969417
115969418
115969419
115969420
115969421
115969422
115969423
115969424
115969425
115969427
115969428
115969429
115969430
115969431
115969432
115969433
115969434
115969435
115969436
115969437
115969438
115969439
115969440
115969441
115969442
115969444
115969445
115969446
115969447
115969448
115969449
115969450
115969451
115969452
115969453
115969454
115969455
115969456
115969457
115969458
115969459
115969460
115969461
115969462
115969463
115969464
115969465
115969466
115969467
115969468
115969469
115969470
115969471
115969472
115969473
115969474
115969475
115969476
115969477
115969478
115969479
115969480
115969481
115969482
115969483
115969484
115969485
115969486
115969487
115969488
115969489
115969490
115969491
115969492
115969493
115969494
115969495
115969496
115969497
115969498
115969499
115969500
115969501
115969502
115969503
115969505
115969506
115969507
115969508
115969509
115969510
115969511
115969512
115969513
115969515
115969517
115969518
115969519
115969520
115969522
115969523
115969524
115969525
115969526
115969527
115969528
115969529
115969530
115969531
115969532
115969533
115969534
115969535
115969536
115969537
115969538
115969539
115969540
115969542
115969544
115969545
115969546
115969547
115969548
115969549
115969551
115969552
115969553
115969554
115969555
115969556
115969557
115969558
115969559
115969560
115969561
115969562
115969563
115969564
115969565
115969566
115969567
115969569
115969570
115969571
115969572
115969573
115969575
115969576
115969577
115969578
115969579
115969580
115969581
115969582
115969583
115969584
115969585
115969586
115969587
115969588
115969589
115969590
115969593
115969594
115969595
115969596
115969597
115969598
115969599
115969600
115969601
115969602
115969603
115969605
115969606
115969607
115969610
115969611
115969612
115969613
115969614
115969615
115969616
115969617
115969618
115969619
115969620
115969621
115969622
115969623
115969624
115969625
115969626
115969628
115969629
115969630
115969631
115969632
115969633
115969634
115969635
115969636
115969638
115969639
115969640
115969641
115969643
115969644
115969645
115969646
115969647
115969648
115969649
115969651
115969652
115969653
115969654
115969655
115969656
115969658
115969659
115969660
115969662
115969664
115969665
115969666
115969667
115969668
115969669
115969670
115969671
115969672
115969673
115969674
115969675
115969676
115969677
115969678
115969679
115969680
115969681
115969682
115969683
115969684
115969685
115969686
115969687
115969688
115969689
115969690
115969691
115969692
115969693
115969694
115969695
115969696
115969697
115969698
115969700
115969701
115969702
115969703
115969704
115969705
115969706
115969707
115969708
115969709
115969710
115969711
115969712
115969713
115969714
115969715
115969716
115969717
115969718
115969719
115969720
115969721
115969722
115969723
115969724
115969725
115969726
115969728
115969729
115969730
115969731
115969732
115969733
115969734
115969735
115969736
115969738
115969739
115969741
115969743
115969745
115969746
115969747
115969748
115969749
115969750
115969751
115969752
115969754
115969755
115969756
115969757
115969758
115969759
115969760
115969761
115969762
115969763
115969764
115969765
115969766
115969767
115969768
115969769
115969770
115969772
115969774
115969776
115969777
115969778
115969779
115969780
115969781
115969782
115969783
115969785
115969786
115969787
115969788
115969789
115969790
115969791
115969792
115969793
115969794
115969795
115969796
115969797
115969799
115969800
115969801
115969803
115969804
115969805
115969806
115969807
115969808
115969809
115969810
115969811
115969812
115969813
115969814
115969815
115969816
115969817
115969818
115969819
115969821
115969822
115969823
115969824
115969825
115969826
115969827
115969828
115969829
115969830
115969831
115969832
115969833
115969834
115969835
115969836
115969837
115969838
115969839
115969840
115969841
115969842
115969843
115969844
115969846
115969847
115969848
115969849
115969850
115969851
115969852
115969853
115969854
115969856
115969857
115969858
115969859
115969860
115969861
115969863
115969864
115969865
115969866
115969868
115969869
115969870
115969871
115969872
115969873
115969874
115969875
115969876
115969877
115969878
115969879
115969880
115969881
115969882
115969883
115969884
115969885
115969886
115969887
115969888
115969889
115969890
115969891
115969892
115969893
115969894
115969895
115969896
115969897
115969898
115969899
115969901
115969902
115969903
115969904
115969905
115969906
115969907
115969908
115969909
115969910
115969911
115969912
115969914
115969915
115969916
115969918
115969919
115969920
115969921
115969922
115969923
115969924
115969925
115969926
115969927
115969928
115969929
115969930
115969931
115969932
115969933
115969934
115969935
115969936
115969937
115969938
115969939
115969940
115969941
115969942
115969943
115969944
115969945
115969946
115969947
115969948
115969949
115969950
115969951
115969952
115969953
115969954
115969955
115969956
115969957
115969958
115969959
115969960
115969961
115969963
115969964
115969965
115969966
115969967
115969968
115969969
115969970
115969971
115969972
115969974
115969975
115969977
115969979
115969980
115969981
115969982
115969983
115969984
115969985
115969986
115969987
115969988
115969989
115969990
115969991
115969992
115969993
115969994
115969995
115969997
115969998
115969999
115970000
115970001
115970002
115970003
115970004
115970005
115970006
115970007
115970008
115970009
115970010
115970011
115970012
115970013
115970014
115970015
115970016
115970017
115970018
115970019
115970020
115970021
115970022
115970023
115970024
115970025
115970026
115970027
115970028
115970029
115970030
115970031
115970032
115970033
115970034
115970035
115970036
115970037
115970039
115970040
115970041
115970042
115970043
115970045
115970046
115970047
115970048
115970049
115970050
115970052
115970053
115970054
115970055
115970056
115970057
115970058
115970059
115970060
115970061
115970062
115970063
115970065
115970067
115970068
115970069
115970070
115970071
115970072
115970073
115970074
115970075
115970076
115970077
115970078
115970079
115970081
115970082
115970083
115970084
115970085
115970086
115970088
115970089
115970090
115970091
115970092
115970093
115970095
115970096
115970097
115970098
115970100
115970101
115970102
115970103
115970104
115970105
115970106
115970107
115970108
115970109
115970110
115970111
115970112
115970113
115970114
115970115
115970116
115970117
115970118
115970119
115970120
115970121
115970122
115970123
115970124
115970125
115970126
115970127
115970128
115970129
115970130
115970131
115970132
115970133
115970134
115970135
115970136
115970138
115970139
115970140
115970141
115970142
115970143
115970144
115970146
115970147
115970148
115970149
115970150
115970151
115970152
115970153
115970154
115970155
115970156
115970157
115970159
115970160
115970161
115970162
115970163
115970164
115970165
115970166
115970167
115970168
115970170
115970171
115970172
115970173
115970174
115970175
115970176
115970177
115970178
115970179
115970180
115970181
115970182
115970183
115970184
115970185
115970186
115970188
115970189
115970190
115970191
115970192
115970193
115970194
115970195
115970196
115970197
115970198
115970199
115970200
115970201
115970202
115970203
115970204
115970205
115970206
115970207
115970208
115970209
115970211
115970212
115970213
115970214
115970216
115970217
115970218
115970219
115970220
115970222
115970224
115970225
115970226
115970227
115970228
115970229
115970230
115970231
115970232
115970233
115970234
115970236
115970237
115970238
115970239
115970240
115970242
115970243
115970244
115970245
115970246
115970247
115970248
115970249
115970250
115970251
115970252
115970253
115970254
115970255
115970256
115970257
115970258
115970259
115970261
115970262
115970263
115970264
115970265
115970267
115970268
115970269
115970270
115970271
115970272
115970274
115970275
115970276
115970277
115970278
115970279
115970281
115970282
115970283
115970284
115970285
115970286
115970288
115970289
115970290
115970291
115970292
115970293
115970294
115970295
115970296
115970297
115970298
115970299
115970300
115970301
115970302
115970303
115970304
115970305
115970306
115970307
115970308
115970309
115970310
115970311
115970312
115970313
115970314
115970315
115970317
115970318
115970319
115970320
115970321
115970322
115970323
115970324
115970325
115970327
115970328
115970329
115970330
115970331
115970332
115970333
115970334
115970335
115970336
115970337
115970338
115970339
115970340
115970341
115970342
115970343
115970344
115970346
115970347
115970348
115970349
115970350
115970351
115970352
115970353
115970354
115970355
115970356
115970357
115970358
115970359
115970360
115970361
115970362
115970363
115970364
115970365
115970366
115970367
115970368
115970369
115970370
115970371
115970372
115970373
115970375
115970376
115970377
115970378
115970379
115970380
115970381
115970382
115970383
115970384
115970385
115970386
115970390
115970391
115970392
115970393
115970394
115970395
115970396
115970397
115970398
115970399
115970400
115970401
115970402
115970403
115970404
115970406
115970407
115970408
115970409
115970411
115970413
115970414
115970415
115970416
115970417
115970418
115970419
115970420
115970422
115970423
115970425
115970426
115970427
115970428
115970429
115970430
115970431
115970432
115970433
115970434
115970435
115970436
115970437
115970438
115970441
115970442
115970443
115970444
115970445
115970446
115970447
115970448
115970449
115970450
115970452
115970453
115970455
115970456
115970457
115970458
115970460
115970462
115970463
115970464
115970465
115970466
115970467
115970468
115970469
115970470
115970471
115970473
115970474
115970475
115970476
115970477
115970478
115970479
115970480
115970481
115970482
115970483
115970484
115970486
115970487
115970488
115970489
115970491
115970492
115970493
115970494
115970495
115970496
115970497
115970498
115970499
115970501
115970502
115970503
115970504
115970505
115970506
115970507
115970508
115970509
115970510
115970511
115970512
115970513
115970514
115970517
115970518
115970519
115970521
115970522
115970523
115970525
115970526
115970527
115970528
115970529
115970530
115970531
115970532
115970533
115970534
115970535
115970536
115970537
115970538
115970539
115970540
115970541
115970542
115970544
115970545
115970546
115970549
115970550
115970551
115970552
115970553
115970554
115970555
115970556
115970557
115970558
115970559
115970560
115970561
115970562
115970563
115970564
115970565
115970566
115970567
115970568
115970569
115970570
115970571
115970572
115970573
115970574
115970575
115970577
115970578
115970579
115970580
115970581
115970582
115970583
115970585
115970586
115970587
115970588
115970590
115970591
115970592
115970593
115970595
115970596
115970597
115970598
115970599
115970600
115970601
115970603
115970604
115970605
115970606
115970607
115970608
115970609
115970610
115970612
115970613
115970614
115970615
115970616
115970617
115970619
115970620
115970621
115970622
115970624
115970625
115970626
115970627
115970628
115970629
115970630
115970631
115970632
115970635
115970636
115970637
115970638
115970639
115970640
115970641
115970642
115970643
115970644
115970645
115970646
115970647
115970648
115970649
115970650
115970651
115970652
115970653
115970654
115970655
115970656
115970658
115970659
115970660
115970661
115970662
115970663
115970664
115970665
115970666
115970668
115970669
115970670
115970671
115970672
115970673
115970674
115970675
115970676
115970677
115970678
115970679
115970680
115970681
115970682
115970683
115970684
115970685
115970686
115970687
115970688
115970689
115970690
115970691
115970692
115970693
115970694
115970695
115970696
115970697
115970698
115970699
115970700
115970701
115970703
115970704
115970705
115970706
115970707
115970708
115970709
115970710
115970711
115970712
115970713
115970714
115970715
115970716
115970717
115970720
115970721
115970722
115970723
115970724
115970725
115970726
115970729
115970730
115970731
115970732
115970733
115970734
115970735
115970736
115970737
115970738
115970739
115970740
115970741
115970742
115970743
115970744
115970746
115970747
115970748
115970749
115970750
115970751
115970752
115970753
115970754
115970755
115970756
115970758
115970759
115970760
115970761
115970763
115970764
115970765
115970767
115970768
115970769
115970770
115970771
115970772
115970773
115970774
115970775
115970776
115970777
115970778
115970779
115970780
115970781
115970782
115970783
115970784
115970785
115970786
115970787
115970788
115970789
115970790
115970791
115970792
115970793
115970794
115970795
115970796
115970797
115970798
115970799
115970800
115970801
115970802
115970803
115970804
115970805
115970806
115970808
115970809
115970810
115970811
115970812
115970813
115970814
115970815
115970817
115970818
115970819
115970820
115970821
115970822
115970823
115970824
115970825
115970826
115970828
115970829
115970830
115970831
115970832
115970833
115970834
115970837
115970838
115970841
115970842
115970843
115970844
115970845
115970846
115970847
115970849
115970851
115970852
115970853
115970854
115970855
115970856
115970857
115970858
115970860
115970861
115970862
115970863
115970864
115970865
115970866
115970867
115970869
115970870
115970871
115970872
115970873
115970874
115970875
115970876
115970877
115970878
115970879
115970880
115970881
115970882
115970883
115970884
115970885
115970886
115970887
115970888
115970889
115970890
115970891
115970892
115970893
115970894
115970895
115970897
115970898
115970899
115970900
115970901
115970902
115970903
115970904
115970905
115970907
115970909
115970910
115970911
115970912
115970914
115970915
115970916
115970917
115970918
115970919
115970920
115970921
115970922
115970923
115970924
115970925
115970927
115970928
115970929
115970930
115970932
115970933
115970934
115970935
115970936
115970937
115970938
115970939
115970940
115970941
115970942
115970943
115970945
115970946
115970947
115970948
115970949
115970950
115970951
115970952
115970953
115970954
115970955
115970956
115970958
115970959
115970960
115970961
115970962
115970963
115970964
115970965
115970966
115970967
115970968
115970969
115970970
115970971
115970972
115970973
115970974
115970975
115970976
115970977
115970978
115970979
115970980
115970981
115970982
115970983
115970985
115970986
115970987
115970988
115970989
115970990
115970991
115970992
115970993
115970994
115970995
115970996
115970997
115970998
115970999
115971000
115971001
115971002
115971004
115971005
115971006
115971007
115971008
115971009
115971011
115971012
115971013
115971015
115971016
115971017
115971018
115971019
115971020
115971021
115971022
115971024
115971025
115971026
115971027
115971029
115971030
115971031
115971032
115971033
115971034
115971035
115971036
115971037
115971038
115971039
115971040
115971041
115971042
115971044
115971045
115971046
115971047
115971048
115971049
115971050
115971051
115971052
115971053
115971054
115971055
115971056
115971057
115971058
115971059
115971060
115971062
115971063
115971064
115971065
115971066
115971067
115971068
115971069
115971071
115971072
115971073
115971074
115971075
115971076
115971078
115971079
115971080
115971081
115971082
115971083
115971084
115971085
115971086
115971087
115971088
115971090
115971091
115971092
115971093
115971094
115971096
115971097
115971098
115971099
115971101
115971103
115971104
115971107
115971108
115971109
115971110
115971111
115971112
115971113
115971114
115971115
115971116
115971117
115971118
115971119
115971121
115971122
115971123
115971124
115971125
115971126
115971127
115971128
115971129
115971130
115971131
115971132
115971133
115971134
115971135
115971136
115971137
115971138
115971139
115971140
115971141
115971142
115971144
115971145
115971146
115971147
115971148
115971149
115971150
115971151
115971152
115971153
115971154
115971155
115971156
115971157
115971158
115971159
115971160
115971161
115971162
115971163
115971164
115971165
115971166
115971167
115971169
115971170
115971171
115971172
115971174
115971175
115971176
115971177
115971178
115971179
115971180
115971181
115971183
115971184
115971185
115971186
115971187
115971188
115971189
115971190
115971191
115971192
115971193
115971195
115971196
115971197
115971198
115971200
115971201
115971202
115971203
115971205
115971206
115971207
115971208
115971210
115971211
115971212
115971213
115971214
115971215
115971216
115971217
115971218
115971219
115971220
115971221
115971222
115971223
115971224
115971225
115971226
115971227
115971228
115971231
115971232
115971233
115971234
115971235
115971236
115971237
115971238
115971239
115971240
115971241
115971242
115971243
115971245
115971246
115971247
115971248
115971249
115971250
115971252
115971253
115971254
115971255
115971256
115971257
115971258
115971259
115971260
115971262
115971263
115971264
115971265
115971266
115971267
115971269
115971271
115971272
115971273
115971274
115971275
115971276
115971277
115971278
115971279
115971280
115971281
115971282
115971283
115971284
115971285
115971286
115971287
115971288
115971289
115971290
115971291
115971294
115971295
115971296
115971297
115971298
115971299
115971301
115971302
115971303
115971304
115971307
115971308
115971309
115971310
115971311
115971312
115971313
115971314
115971315
115971316
115971317
115971318
115971319
115971320
115971321
115971323
115971324
115971325
115971326
115971327
115971328
115971329
115971330
115971331
115971332
115971335
115971336
115971337
115971338
115971339
115971340
115971341
115971342
115971343
115971344
115971345
115971346
115971347
115971348
115971349
115971350
115971351
115971352
115971354
115971355
115971356
115971357
115971358
115971359
115971360
115971361
115971362
115971363
115971365
115971366
115971367
115971368
115971369
115971370
115971371
115971372
115971373
115971375
115971376
115971377
115971378
115971379
115971380
115971381
115971384
115971386
115971387
115971388
115971389
115971390
115971391
115971392
115971393
115971395
115971396
115971397
115971398
115971399
115971400
115971401
115971402
115971403
115971406
115971407
115971408
115971409
115971410
115971411
115971413
115971414
115971415
115971416
115971417
115971418
115971419
115971421
115971422
115971424
115971425
115971426
115971427
115971428
115971429
115971430
115971431
115971432
115971433
115971434
115971435
115971436
115971437
115971438
115971439
115971440
115971441
115971443
115971444
115971445
115971446
115971447
115971448
115971449
115971450
115971451
115971452
115971453
115971454
115971455
115971456
115971457
115971458
115971459
115971460
115971461
115971462
115971463
115971464
115971465
115971466
115971467
115971468
115971469
115971470
115971471
115971472
115971473
115971474
115971475
115971476
115971477
115971478
115971479
115971480
115971481
115971482
115971483
115971484
115971485
115971486
115971487
115971488
115971489
115971491
115971492
115971493
115971494
115971495
115971496
115971497
115971498
115971501
115971502
115971503
115971504
115971505
115971506
115971507
115971508
115971509
115971510
115971511
115971512
115971513
115971514
115971515
115971516
115971518
115971519
115971521
115971522
115971523
115971524
115971525
115971526
115971527
115971528
115971529
115971530
115971531
115971532
115971534
115971536
115971537
115971538
115971539
115971540
115971541
115971542
115971543
115971544
115971545
115971546
115971547
115971548
115971549
115971550
115971551
115971552
115971554
115971555
115971556
115971557
115971558
115971559
115971560
115971561
115971562
115971563
115971565
115971566
115971567
115971568
115971569
115971570
115971571
115971572
115971573
115971574
115971575
115971576
115971577
115971578
115971579
115971580
115971581
115971582
115971584
115971585
115971586
115971589
115971590
115971591
115971592
115971593
115971594
115971595
115971596
115971597
115971598
115971599
115971600
115971602
115971603
115971604
115971605
115971606
115971607
115971608
115971609
115971610
115971611
115971612
115971613
115971615
115971617
115971620
115971621
115971622
115971623
115971624
115971625
115971626
115971627
115971628
115971629
115971630
115971631
115971632
115971633
115971634
115971635
115971636
115971637
115971638
115971639
115971640
115971641
115971642
115971643
115971644
115971645
115971646
115971647
115971648
115971649
115971650
115971651
115971652
115971653
115971654
115971655
115971656
115971657
115971658
115971659
115971660
115971661
115971662
115971663
115971664
115971665
115971666
115971667
115971668
115971669
115971670
115971671
115971672
115971673
115971674
115971675
115971678
115971679
115971680
115971681
115971682
115971684
115971685
115971686
115971687
115971689
115971690
115971692
115971693
115971695
115971696
115971697
115971698
115971699
115971701
115971704
115971705
115971706
115971708
115971709
115971710
115971711
115971713
115971714
115971715
115971716
115971717
115971718
115971719
115971720
115971721
115971722
115971723
115971724
115971726
115971727
115971728
115971729
115971730
115971731
115971732
115971733
115971734
115971735
115971736
115971738
115971739
115971740
115971741
115971742
115971743
115971744
115971745
115971746
115971747
115971748
115971749
115971750
115971752
115971754
115971755
115971756
115971757
115971758
115971759
115971760
115971761
115971762
115971763
115971764
115971766
115971767
115971769
115971771
115971772
115971773
115971774
115971775
115971776
115971777
115971778
115971779
115971780
115971781
115971782
115971783
115971784
115971785
115971786
115971787
115971788
115971789
115971790
115971791
115971793
115971794
115971795
115971796
115971797
115971798
115971799
115971800
115971801
115971803
115971804
115971805
115971806
115971807
115971808
115971809
115971811
115971812
115971813
115971814
115971815
115971816
115971817
115971818
115971819
115971820
115971822
115971823
115971824
115971825
115971826
115971827
115971828
115971829
115971830
115971831
115971832
115971833
115971834
115971835
115971836
115971837
115971838
115971839
115971840
115971841
115971842
115971844
115971845
115971846
115971848
115971849
115971850
115971851
115971854
115971855
115971856
115971857
115971859
115971860
115971861
115971862
115971863
115971864
115971865
115971866
115971867
115971868
115971869
115971870
115971871
115971872
115971873
115971874
115971875
115971876
115971877
115971878
115971879
115971881
115971882
115971883
115971884
115971885
115971886
115971887
115971889
115971890
115971891
115971892
115971893
115971894
115971895
115971896
115971897
115971898
115971899
115971900
115971901
115971902
115971903
115971904
115971905
115971908
115971909
115971910
115971911
115971913
115971914
115971915
115971916
115971917
115971918
115971919
115971920
115971921
115971922
115971923
115971924
115971926
115971927
115971928
115971929
115971930
115971932
115971933
115971934
115971935
115971936
115971937
115971938
115971939
115971940
115971941
115971942
115971943
115971944
115971945
115971946
115971947
115971948
115971949
115971950
115971951
115971952
115971953
115971954
115971956
115971957
115971958
115971959
115971960
115971961
115971962
115971963
115971965
115971968
115971969
115971970
115971971
115971972
115971973
115971974
115971975
115971976
115971977
115971978
115971979
115971980
115971981
115971982
115971983
115971984
115971986
115971987
115971988
115971989
115971991
115971992
115971993
115971994
115971995
115971996
115971998
115972000
115972001
115972003
115972004
115972005
115972006
115972007
115972008
115972009
115972010
115972011
115972012
115972013
115972014
115972015
115972016
115972017
115972018
115972019
115972020
115972021
115972022
115972023
115972024
115972026
115972027
115972028
115972029
115972030
115972031
115972032
115972033
115972034
115972035
115972036
115972037
115972038
115972039
115972040
115972041
115972042
115972043
115972045
115972046
115972047
115972048
115972049
115972050
115972052
115972053
115972054
115972055
115972056
115972057
115972058
115972059
115972060
115972061
115972062
115972063
115972064
115972066
115972068
115972069
115972071
115972072
115972073
115972074
115972075
115972076
115972077
115972078
115972079
115972080
115972081
115972082
115972083
115972084
115972085
115972086
115972087
115972088
115972089
115972090
115972091
115972092
115972093
115972094
115972096
115972097
115972098
115972099
115972100
115972101
115972102
115972103
115972105
115972106
115972107
115972108
115972109
115972110
115972111
115972112
115972113
115972114
115972115
115972116
115972117
115972118
115972119
115972120
115972121
115972122
115972123
115972125
115972126
115972127
115972128
115972129
115972130
115972131
115972132
115972133
115972134
115972135
115972136
115972137
115972138
115972139
115972140
115972142
115972143
115972144
115972145
115972146
115972147
115972148
115972149
115972150
115972151
115972152
115972153
115972154
115972155
115972156
115972157
115972158
115972160
115972161
115972162
115972163
115972164
115972165
115972166
115972167
115972168
115972169
115972170
115972171
115972173
115972174
115972175
115972176
115972177
115972178
115972179
115972180
115972181
115972184
115972185
115972186
115972187
115972188
115972189
115972190
115972191
115972192
115972194
115972195
115972196
115972198
115972199
115972202
115972203
115972204
115972205
115972206
115972207
115972208
115972209
115972210
115972211
115972212
115972213
115972214
115972215
115972216
115972217
115972218
115972219
115972221
115972222
115972223
115972224
115972225
115972226
115972227
115972228
115972229
115972230
115972231
115972233
115972234
115972235
115972236
115972237
115972238
115972239
115972240
115972241
115972242
115972243
115972244
115972245
115972246
115972247
115972248
115972249
115972250
115972251
115972253
115972254
115972255
115972256
115972257
115972258
115972259
115972260
115972261
115972262
115972263
115972264
115972265
115972266
115972267
115972268
115972270
115972271
115972272
115972273
115972274
115972275
115972276
115972277
115972279
115972280
115972281
115972282
115972283
115972284
115972285
115972286
115972287
115972288
115972289
115972290
115972291
115972292
115972294
115972295
115972296
115972297
115972298
115972300
115972301
115972302
115972303
115972304
115972305
115972306
115972307
115972308
115972309
115972310
115972311
115972312
115972313
115972314
115972315
115972316
115972317
115972318
115972319
115972320
115972321
115972322
115972323
115972324
115972325
115972327
115972328
115972329
115972330
115972331
115972332
115972333
115972335
115972336
115972337
115972338
115972340
115972342
115972343
115972344
115972345
115972346
115972347
115972348
115972349
115972351
115972352
115972353
115972355
115972356
115972357
115972358
115972359
115972360
115972361
115972362
115972363
115972364
115972366
115972367
115972368
115972369
115972370
115972371
115972372
115972373
115972374
115972375
115972376
115972377
115972378
115972379
115972380
115972381
115972382
115972383
115972384
115972385
115972388
115972389
115972390
115972391
115972392
115972393
115972394
115972395
115972396
115972397
115972398
115972400
115972401
115972402
115972403
115972404
115972405
115972406
115972407
115972408
115972409
115972411
115972412
115972413
115972415
115972416
115972417
115972419
115972420
115972421
115972422
115972423
115972424
115972425
115972426
115972427
115972428
115972429
115972430
115972431
115972432
115972433
115972436
115972437
115972438
115972439
115972440
115972441
115972442
115972443
115972445
115972446
115972447
115972448
115972449
115972450
115972451
115972452
115972454
115972455
115972456
115972457
115972458
115972459
115972460
115972461
115972462
115972463
115972464
115972465
115972466
115972467
115972468
115972469
115972470
115972471
115972472
115972473
115972474
115972475
115972476
115972477
115972478
115972479
115972480
115972481
115972482
115972483
115972484
115972485
115972486
115972487
115972488
115972490
115972491
115972492
115972494
115972495
115972496
115972497
115972498
115972499
115972500
115972501
115972502
115972503
115972504
115972505
115972506
115972507
115972509
115972510
115972511
115972512
115972513
115972514
115972515
115972516
115972517
115972518
115972520
115972521
115972522
115972523
115972524
115972525
115972526
115972527
115972528
115972529
115972530
115972531
115972532
115972533
115972534
115972536
115972537
115972539
115972540
115972542
115972543
115972544
115972546
115972547
115972548
115972549
115972550
115972551
115972552
115972553
115972554
115972556
115972557
115972558
115972559
115972560
115972561
115972562
115972563
115972564
115972565
115972566
115972567
115972568
115972569
115972570
115972571
115972572
115972573
115972574
115972575
115972576
115972578
115972579
115972580
115972581
115972582
115972584
115972585
115972586
115972587
115972588
115972589
115972590
115972591
115972592
115972594
115972595
115972596
115972597
115972598
115972600
115972601
115972602
115972603
115972604
115972605
115972606
115972607
115972609
115972610
115972611
115972612
115972613
115972614
115972615
115972616
115972617
115972619
115972620
115972621
115972622
115972623
115972624
115972625
115972626
115972627
115972628
115972630
115972631
115972632
115972634
115972635
115972636
115972637
115972638
115972639
115972640
115972641
115972642
115972643
115972644
115972645
115972646
115972647
115972648
115972649
115972651
115972652
115972653
115972654
115972657
115972658
115972660
115972661
115972662
115972663
115972664
115972665
115972666
115972667
115972668
115972669
115972670
115972671
115972672
115972674
115972675
115972676
115972678
115972679
115972682
115972684
115972686
115972688
115972689
115972690
115972691
115972692
115972693
115972694
115972695
115972696
115972697
115972698
115972699
115972700
115972702
115972703
115972704
115972705
115972706
115972707
115972709
115972710
115972711
115972712
115972713
115972714
115972715
115972716
115972717
115972718
115972719
115972721
115972722
115972723
115972724
115972725
115972726
115972727
115972728
115972729
115972730
115972731
115972732
115972733
115972734
115972735
115972736
115972737
115972738
115972739
115972741
115972742
115972743
115972744
115972745
115972746
115972747
115972748
115972749
115972750
115972751
115972752
115972753
115972754
115972755
115972758
115972759
115972760
115972761
115972762
115972763
115972764
115972765
115972766
115972767
115972768
115972769
115972770
115972772
115972773
115972774
115972775
115972777
115972778
115972779
115972780
115972781
115972783
115972784
115972785
115972786
115972787
115972788
115972789
115972790
115972791
115972792
115972794
115972795
115972796
115972797
115972798
115972801
115972802
115972803
115972804
115972805
115972806
115972807
115972808
115972809
115972810
115972811
115972812
115972813
115972814
115972815
115972816
115972817
115972818
115972819
115972820
115972821
115972822
115972823
115972824
115972825
115972826
115972827
115972829
115972830
115972831
115972832
115972834
115972835
115972836
115972837
115972838
115972839
115972840
115972842
115972844
115972845
115972846
115972847
115972848
115972849
115972850
115972851
115972852
115972853
115972854
115972855
115972857
115972858
115972860
115972861
115972862
115972863
115972864
115972865
115972866
115972867
115972868
115972869
115972870
115972871
115972872
115972873
115972874
115972876
115972877
115972878
115972879
115972880
115972881
115972882
115972883
115972884
115972885
115972887
115972889
115972890
115972891
115972892
115972893
115972896
115972897
115972898
115972899
115972900
115972901
115972902
115972903
115972904
115972905
115972906
115972907
115972908
115972909
115972910
115972911
115972912
115972913
115972914
115972915
115972916
115972917
115972918
115972919
115972920
115972921
115972923
115972924
115972925
115972926
115972927
115972928
115972929
115972930
115972931
115972932
115972934
115972935
115972936
115972937
115972938
115972939
115972940
115972941
115972942
115972943
115972944
115972945
115972946
115972947
115972948
115972949
115972951
115972952
115972953
115972954
115972955
115972958
115972959
115972961
115972962
115972963
115972965
115972966
115972968
115972969
115972970
115972971
115972972
115972974
115972975
115972976
115972977
115972978
115972979
115972980
115972981
115972982
115972983
115972984
115972985
115972986
115972987
115972988
115972989
115972990
115972993
115972996
115972997
115972998
115972999
115973000
115973001
115973002
115973003
115973004
115973005
115973006
115973007
115973008
115973009
115973010
115973011
115973012
115973013
115973014
115973015
115973016
115973017
115973018
115973019
115973020
115973021
115973023
115973024
115973025
115973026
115973027
115973028
115973029
115973030
115973031
115973032
115973033
115973034
115973035
115973036
115973037
115973038
115973039
115973040
115973041
115973042
115973043
115973044
115973045
115973046
115973047
115973048
115973049
115973050
115973052
115973053
115973054
115973055
115973056
115973057
115973058
115973060
115973061
115973062
115973063
115973064
115973065
115973066
115973067
115973068
115973069
115973070
115973072
115973073
115973074
115973075
115973076
115973077
115973078
115973079
115973080
115973081
115973082
115973083
115973084
115973085
115973086
115973087
115973088
115973089
115973090
115973091
115973092
115973093
115973094
115973095
115973096
115973097
115973098
115973099
115973100
115973101
115973102
115973103
115973104
115973105
115973106
115973107
115973108
115973109
115973110
115973111
115973113
115973114
115973115
115973116
115973117
115973118
115973119
115973120
115973121
115973122
115973123
115973124
115973125
115973126
115973127
115973129
115973130
115973131
115973132
115973133
115973134
115973135
115973136
115973137
115973138
115973139
115973140
115973141
115973142
115973144
115973145
115973146
115973147
115973148
115973149
115973150
115973151
115973152
115973153
115973154
115973155
115973156
115973157
115973158
115973159
115973160
115973161
115973162
115973163
115973164
115973165
115973166
115973167
115973168
115973169
115973170
115973171
115973172
115973173
115973174
115973175
115973177
115973178
115973179
115973180
115973181
115973182
115973184
115973185
115973186
115973187
115973188
115973189
115973190
115973191
115973192
115973193
115973194
115973195
115973196
115973197
115973198
115973199
115973200
115973201
115973202
115973203
115973204
115973205
115973206
115973208
115973209
115973210
115973211
115973212
115973213
115973214
115973215
115973216
115973217
115973218
115973219
115973220
115973221
115973223
115973224
115973225
115973226
115973227
115973228
115973229
115973230
115973231
115973232
115973233
115973234
115973235
115973236
115973237
115973238
115973239
115973240
115973241
115973242
115973243
115973244
115973245
115973246
115973247
115973249
115973250
115973251
115973252
115973253
115973254
115973255
115973257
115973258
115973259
115973260
115973261
115973262
115973263
115973264
115973265
115973266
115973267
115973268
115973269
115973270
115973271
115973272
115973273
115973275
115973276
115973277
115973278
115973279
115973280
115973282
115973283
115973284
115973285
115973286
115973287
115973288
115973289
115973290
115973291
115973292
115973293
115973295
115973296
115973297
115973298
115973299
115973300
115973301
115973302
115973303
115973304
115973305
115973306
115973307
115973308
115973310
115973312
115973313
115973314
115973316
115973317
115973318
115973319
115973320
115973321
115973322
115973323
115973324
115973325
115973326
115973327
115973328
115973329
115973331
115973332
115973333
115973334
115973336
115973338
115973339
115973340
115973341
115973342
115973343
115973344
115973345
115973346
115973347
115973348
115973349
115973351
115973352
115973353
115973354
115973355
115973356
115973357
115973358
115973359
115973360
115973361
115973362
115973363
115973364
115973365
115973366
115973368
115973369
115973370
115973371
115973372
115973373
115973374
115973376
115973377
115973379
115973380
115973381
115973382
115973383
115973384
115973386
115973387
115973388
115973390
115973391
115973392
115973394
115973395
115973396
115973397
115973398
115973399
115973400
115973402
115973403
115973404
115973405
115973406
115973407
115973408
115973409
115973410
115973411
115973412
115973413
115973414
115973415
115973416
115973417
115973418
115973419
115973420
115973421
115973422
115973423
115973424
115973425
115973427
115973429
115973430
115973431
115973432
115973433
115973434
115973435
115973438
115973439
115973440
115973442
115973443
115973444
115973445
115973446
115973447
115973449
115973451
115973452
115973453
115973454
115973455
115973456
115973457
115973459
115973460
115973461
115973462
115973463
115973464
115973465
115973466
115973467
115973468
115973469
115973470
115973471
115973472
115973473
115973474
115973475
115973476
115973477
115973478
115973479
115973480
115973481
115973483
115973484
115973486
115973487
115973488
115973489
115973490
115973491
115973492
115973493
115973494
115973495
115973496
115973497
115973498
115973499
115973500
115973501
115973502
115973503
115973504
115973505
115973507
115973508
115973509
115973510
115973511
115973512
115973513
115973515
115973516
115973517
115973518
115973519
115973520
115973522
115973523
115973525
115973526
115973527
115973528
115973530
115973531
115973533
115973534
115973535
115973536
115973537
115973538
115973539
115973540
115973542
115973543
115973544
115973545
115973546
115973548
115973549
115973550
115973551
115973552
115973553
115973554
115973555
115973556
115973557
115973558
115973559
115973561
115973562
115973563
115973564
115973565
115973566
115973567
115973568
115973569
115973570
115973571
115973572
115973573
115973574
115973575
115973576
115973577
115973578
115973579
115973580
115973581
115973583
115973584
115973585
115973586
115973587
115973588
115973589
115973590
115973592
115973593
115973594
115973595
115973597
115973599
115973600
115973601
115973602
115973603
115973604
115973605
115973606
115973607
115973609
115973610
115973611
115973612
115973613
115973615
115973616
115973617
115973618
115973619
115973620
115973621
115973622
115973623
115973624
115973625
115973626
115973627
115973628
115973630
115973631
115973632
115973633
115973634
115973635
115973636
115973637
115973638
115973639
115973640
115973641
115973642
115973643
115973644
115973645
115973646
115973647
115973648
115973650
115973651
115973652
115973653
115973654
115973655
115973656
115973657
115973658
115973659
115973660
115973661
115973662
115973663
115973664
115973665
115973666
115973667
115973668
115973669
115973670
115973671
115973672
115973673
115973674
115973675
115973678
115973679
115973680
115973681
115973682
115973683
115973684
115973685
115973686
115973687
115973689
115973690
115973691
115973692
115973693
115973694
115973695
115973697
115973698
115973699
115973700
115973702
115973703
115973704
115973705
115973706
115973707
115973708
115973709
115973710
115973711
115973712
115973713
115973714
115973715
115973716
115973717
115973718
115973719
115973720
115973721
115973722
115973723
115973724
115973725
115973726
115973727
115973728
115973729
115973731
115973733
115973734
115973735
115973736
115973737
115973738
115973741
115973742
115973743
115973744
115973745
115973747
115973749
115973750
115973751
115973752
115973753
115973754
115973755
115973757
115973758
115973759
115973760
115973761
115973762
115973763
115973764
115973765
115973766
115973767
115973768
115973769
115973770
115973771
115973772
115973773
115973774
115973775
115973776
115973777
115973778
115973779
115973780
115973781
115973782
115973783
115973784
115973785
115973786
115973787
115973788
115973789
115973790
115973791
115973792
115973793
115973794
115973795
115973796
115973797
115973798
115973799
115973800
115973802
115973803
115973804
115973805
115973806
115973808
115973809
115973810
115973811
115973812
115973813
115973814
115973815
115973816
115973817
115973818
115973819
115973820
115973821
115973822
115973824
115973825
115973826
121124984
121124985
121124987
121124988
121124989
121124990
